012345678910111213141516171819202122232425
26272829303132333435363738394041424344454647484950
51525354555657585960616263646566676869707172737475
767778798081828384858687888990919293949596979899100
101102103104105106107108109110111112113114115116117118119120121122123124125
126127128129130131132133134135136137138139140141142143144145146147148149150
151152153154155156157158159160161162163164165166167168169170171172173174175
176177178179180181182183184185186187188189190191192193194195196197198199200
201202203204205206207208209210211212213214215216217218219220221222223224225
226227228229230231232233234235236237238239240241242243244245246247248249250
251252253254255256257258259260261262263264265266267268269270271272273274275
276277278279280281282283284285286287288289290291292293294295296297298299300
301302303304305306307308309310311312313314315316317318319320321322323324325
326327328329330331332333334335336337338339340341342343344345346347348349350
351352353354355356357358359360361362363364365366367368369370371372373374375
376377378379380381382383384385386387388389390391392393394395396397398399400
401402403404405406407408409410411412413414415416417418419420421422423424425
426427428429430431432433434435436437438439440441442443444445446447448449450
451452453454455456457458459460461462463464465466467468469470471472473474475
476477478479480481482483484485486487488489490491492493494495496497498499500
501502503504505506507508509510511512513514515516517518519520521522523524525
526527528529530531532533534535536537538539540541542543544545546547548549550
551552553554555556557558559560561562563564565566567568569570571572573574575
576577578579580581582583584585586587588589590591592593594595596597598599600
601602603604605606607608609610611612613614615616617618619620621622623624625
626627628629630631632633634635636637638639640641642643644645646647648649650
651652653654655656657658659660661662663664665666667668669670671672673674675
676677678679680681682683684685686687688689690691692693694695696697698699700
701702703704705706707708709710711712713714715716717718719720721722723724725
726727728729730731732733734735736737738739740741742743744745746747748749750
751752753754755756757758759760761762763764765766767768769770771772773774775
776777778779780781782783784785786787788789790791792793794795796797798799800
801802803804805806807808809810811812813814815816817818819820821822823824825
826827828829830831832833834835836837838839840841842843844845846847848849850
851852853854855856857858859860861862863864865866867868869870871872873874875
876877878879880881882883884885886887888889890891892893894895896897898899900
901902903904905906907908909910911912913914915916917918919920921922923924925
926927928929930931932933934935936937938939940941942943944945946947948949950
951952953954955956957958959960961962963964965966967968969970971972973974975
9769779789799809819829839849859869879889899909919929939949959969979989991000
1001100210031004100510061007100810091010101110121013101410151016101710181019102010211022102310241025
1026102710281029103010311032103310341035103610371038103910401041104210431044104510461047104810491050
1051105210531054105510561057105810591060106110621063106410651066106710681069107010711072107310741075
1076107710781079108010811082108310841085108610871088108910901091109210931094109510961097109810991100
1101110211031104110511061107110811091110111111121113111411151116111711181119112011211122112311241125
1126112711281129113011311132113311341135113611371138113911401141114211431144114511461147114811491150
1151115211531154115511561157115811591160116111621163116411651166116711681169117011711172117311741175
1176117711781179118011811182118311841185118611871188118911901191119211931194119511961197119811991200
1201120212031204120512061207120812091210121112121213121412151216121712181219122012211222122312241225
1226122712281229123012311232123312341235123612371238123912401241124212431244124512461247124812491250
1251125212531254125512561257125812591260126112621263126412651266126712681269127012711272127312741275
1276127712781279128012811282128312841285128612871288128912901291129212931294129512961297129812991300
1301130213031304130513061307130813091310131113121313131413151316131713181319132013211322132313241325
1326132713281329133013311332133313341335133613371338133913401341134213431344134513461347134813491350
1351135213531354135513561357135813591360136113621363136413651366136713681369137013711372137313741375
1376137713781379138013811382138313841385138613871388138913901391139213931394139513961397139813991400
1401140214031404140514061407140814091410141114121413141414151416141714181419142014211422142314241425
1426142714281429143014311432143314341435143614371438143914401441144214431444144514461447144814491450
1451145214531454145514561457145814591460146114621463146414651466146714681469147014711472147314741475
1476147714781479148014811482148314841485148614871488148914901491149214931494149514961497149814991500
1501150215031504150515061507150815091510151115121513151415151516151715181519152015211522152315241525
1526152715281529153015311532153315341535153615371538153915401541154215431544154515461547154815491550
1551155215531554155515561557155815591560156115621563156415651566156715681569157015711572157315741575
1576157715781579158015811582158315841585158615871588158915901591159215931594159515961597159815991600
1601160216031604160516061607160816091610161116121613161416151616161716181619162016211622162316241625
1626162716281629163016311632163316341635163616371638163916401641164216431644164516461647164816491650
1651165216531654165516561657165816591660166116621663166416651666166716681669167016711672167316741675
1676167716781679168016811682168316841685168616871688168916901691169216931694169516961697169816991700
1701170217031704170517061707170817091710171117121713171417151716171717181719172017211722172317241725
1726172717281729173017311732173317341735173617371738173917401741174217431744174517461747174817491750
1751175217531754175517561757175817591760176117621763176417651766176717681769177017711772177317741775
1776177717781779178017811782178317841785178617871788178917901791179217931794179517961797179817991800
1801180218031804180518061807180818091810181118121813181418151816181718181819182018211822182318241825
1826182718281829183018311832183318341835183618371838183918401841184218431844184518461847184818491850
1851185218531854185518561857185818591860186118621863186418651866186718681869187018711872187318741875
1876187718781879188018811882188318841885188618871888188918901891189218931894189518961897189818991900
1901190219031904190519061907190819091910191119121913191419151916191719181919192019211922192319241925
1926192719281929193019311932193319341935193619371938193919401941194219431944194519461947194819491950
1951195219531954195519561957195819591960196119621963196419651966196719681969197019711972197319741975
1976197719781979198019811982198319841985198619871988198919901991199219931994199519961997199819992000
2001200220032004200520062007200820092010201120122013201420152016201720182019202020212022202320242025
2026202720282029203020312032203320342035203620372038203920402041204220432044204520462047204820492050
2051205220532054205520562057205820592060206120622063206420652066206720682069207020712072207320742075
2076207720782079208020812082208320842085208620872088208920902091209220932094209520962097209820992100
2101210221032104210521062107210821092110211121122113211421152116211721182119212021212122212321242125
2126212721282129213021312132213321342135213621372138213921402141214221432144214521462147214821492150
2151215221532154215521562157215821592160216121622163216421652166216721682169217021712172217321742175
2176217721782179218021812182218321842185218621872188218921902191219221932194219521962197219821992200
2201220222032204220522062207220822092210221122122213221422152216221722182219222022212222222322242225
2226222722282229223022312232223322342235223622372238223922402241224222432244224522462247224822492250
2251225222532254225522562257225822592260226122622263226422652266226722682269227022712272227322742275
2276227722782279228022812282228322842285228622872288228922902291229222932294229522962297229822992300
2301230223032304230523062307230823092310231123122313231423152316231723182319232023212322232323242325
2326232723282329233023312332233323342335233623372338233923402341234223432344234523462347234823492350
2351235223532354235523562357235823592360236123622363236423652366236723682369237023712372237323742375
2376237723782379238023812382238323842385238623872388238923902391239223932394239523962397239823992400
2401240224032404240524062407240824092410241124122413241424152416241724182419242024212422242324242425
2426242724282429243024312432243324342435243624372438243924402441244224432444244524462447244824492450
2451245224532454245524562457245824592460246124622463246424652466246724682469247024712472247324742475
2476247724782479248024812482248324842485248624872488248924902491249224932494249524962497249824992500
2501250225032504250525062507250825092510251125122513251425152516251725182519252025212522252325242525
2526252725282529253025312532253325342535253625372538253925402541254225432544254525462547254825492550
2551255225532554255525562557255825592560256125622563256425652566256725682569257025712572257325742575
2576257725782579258025812582258325842585258625872588258925902591259225932594259525962597259825992600
2601260226032604260526062607260826092610261126122613261426152616261726182619262026212622262326242625
2626262726282629263026312632263326342635263626372638263926402641264226432644264526462647264826492650
2651265226532654265526562657265826592660266126622663266426652666266726682669267026712672267326742675
2676267726782679268026812682268326842685268626872688268926902691269226932694269526962697269826992700
2701270227032704270527062707270827092710271127122713271427152716271727182719272027212722272327242725
2726272727282729273027312732273327342735273627372738273927402741274227432744274527462747274827492750
2751275227532754275527562757275827592760276127622763276427652766276727682769277027712772277327742775
2776277727782779278027812782278327842785278627872788278927902791279227932794279527962797279827992800
2801280228032804280528062807280828092810281128122813281428152816281728182819282028212822282328242825
2826282728282829283028312832283328342835283628372838283928402841284228432844284528462847284828492850
2851285228532854285528562857285828592860286128622863286428652866286728682869287028712872287328742875
2876287728782879288028812882288328842885288628872888288928902891289228932894289528962897289828992900
2901290229032904290529062907290829092910291129122913291429152916291729182919292029212922292329242925
2926292729282929293029312932293329342935293629372938293929402941294229432944294529462947294829492950
2951295229532954295529562957295829592960296129622963296429652966296729682969297029712972297329742975
2976297729782979298029812982298329842985298629872988298929902991299229932994299529962997299829993000
3001300230033004300530063007300830093010301130123013301430153016301730183019302030213022302330243025
3026302730283029303030313032303330343035303630373038303930403041304230433044304530463047304830493050
3051305230533054305530563057305830593060306130623063306430653066306730683069307030713072307330743075
3076307730783079308030813082308330843085308630873088308930903091309230933094309530963097309830993100
3101310231033104310531063107310831093110311131123113311431153116311731183119312031213122312331243125
3126312731283129313031313132313331343135313631373138313931403141314231433144314531463147314831493150
3151315231533154315531563157315831593160316131623163316431653166316731683169317031713172317331743175
3176317731783179318031813182318331843185318631873188318931903191319231933194319531963197319831993200
3201320232033204320532063207320832093210321132123213321432153216321732183219322032213222322332243225
3226322732283229323032313232323332343235323632373238323932403241324232433244324532463247324832493250
3251325232533254325532563257325832593260326132623263326432653266326732683269327032713272327332743275
3276327732783279328032813282328332843285328632873288328932903291329232933294329532963297329832993300
3301330233033304330533063307330833093310331133123313331433153316331733183319332033213322332333243325
3326332733283329333033313332333333343335333633373338333933403341334233433344334533463347334833493350
3351335233533354335533563357335833593360336133623363336433653366336733683369337033713372337333743375
3376337733783379338033813382338333843385338633873388338933903391339233933394339533963397339833993400
3401340234033404340534063407340834093410341134123413341434153416341734183419342034213422342334243425
3426342734283429343034313432343334343435343634373438343934403441344234433444344534463447344834493450
3451345234533454345534563457345834593460346134623463346434653466346734683469347034713472347334743475
3476347734783479348034813482348334843485348634873488348934903491349234933494349534963497349834993500
3501350235033504350535063507350835093510351135123513351435153516351735183519352035213522352335243525
3526352735283529353035313532353335343535353635373538353935403541354235433544354535463547354835493550
3551355235533554355535563557355835593560356135623563356435653566356735683569357035713572357335743575
3576357735783579358035813582358335843585358635873588358935903591359235933594359535963597359835993600
3601360236033604360536063607360836093610361136123613361436153616361736183619362036213622362336243625
3626362736283629363036313632363336343635363636373638363936403641364236433644364536463647364836493650
3651365236533654365536563657365836593660366136623663366436653666366736683669367036713672367336743675
3676367736783679368036813682368336843685368636873688368936903691369236933694369536963697369836993700
3701370237033704370537063707370837093710371137123713371437153716371737183719372037213722372337243725
3726372737283729373037313732373337343735373637373738373937403741374237433744374537463747374837493750
3751375237533754375537563757375837593760376137623763376437653766376737683769377037713772377337743775
3776377737783779378037813782378337843785378637873788378937903791379237933794379537963797379837993800
3801380238033804380538063807380838093810381138123813381438153816381738183819382038213822382338243825
3826382738283829383038313832383338343835383638373838383938403841384238433844384538463847384838493850
3851385238533854385538563857385838593860386138623863386438653866386738683869387038713872387338743875
3876387738783879388038813882388338843885388638873888388938903891389238933894389538963897389838993900
3901390239033904390539063907390839093910391139123913391439153916391739183919392039213922392339243925
3926392739283929393039313932393339343935393639373938393939403941394239433944394539463947394839493950
3951395239533954395539563957395839593960396139623963396439653966396739683969397039713972397339743975
3976397739783979398039813982398339843985398639873988398939903991399239933994399539963997399839994000
4001400240034004400540064007400840094010401140124013401440154016401740184019402040214022402340244025
4026402740284029403040314032403340344035403640374038403940404041404240434044404540464047404840494050
4051405240534054405540564057405840594060406140624063406440654066406740684069407040714072407340744075
4076407740784079408040814082408340844085408640874088408940904091409240934094409540964097409840994100
4101410241034104410541064107410841094110411141124113411441154116411741184119412041214122412341244125
4126412741284129413041314132413341344135413641374138413941404141414241434144414541464147414841494150
4151415241534154415541564157415841594160416141624163416441654166416741684169417041714172417341744175
4176417741784179418041814182418341844185418641874188418941904191419241934194419541964197419841994200
4201420242034204420542064207420842094210421142124213421442154216421742184219422042214222422342244225
4226422742284229423042314232423342344235423642374238423942404241424242434244424542464247424842494250
4251425242534254425542564257425842594260426142624263426442654266426742684269427042714272427342744275
4276427742784279428042814282428342844285428642874288428942904291429242934294429542964297429842994300
4301430243034304430543064307430843094310431143124313431443154316431743184319432043214322432343244325
4326432743284329433043314332433343344335433643374338433943404341434243434344434543464347434843494350
4351435243534354435543564357435843594360436143624363436443654366436743684369437043714372437343744375
4376437743784379438043814382438343844385438643874388438943904391439243934394439543964397439843994400
4401440244034404440544064407440844094410441144124413441444154416441744184419442044214422442344244425
4426442744284429443044314432443344344435443644374438443944404441444244434444444544464447444844494450
4451445244534454445544564457445844594460446144624463446444654466446744684469447044714472447344744475
4476447744784479448044814482448344844485448644874488448944904491449244934494449544964497449844994500
4501450245034504450545064507450845094510451145124513451445154516451745184519452045214522452345244525
4526452745284529453045314532453345344535453645374538453945404541454245434544454545464547454845494550
4551455245534554455545564557455845594560456145624563456445654566456745684569457045714572457345744575
4576457745784579458045814582458345844585458645874588458945904591459245934594459545964597459845994600
4601460246034604460546064607460846094610461146124613461446154616461746184619462046214622462346244625
4626462746284629463046314632463346344635463646374638463946404641464246434644464546464647464846494650
4651465246534654465546564657465846594660466146624663466446654666466746684669467046714672467346744675
4676467746784679468046814682468346844685468646874688468946904691469246934694469546964697469846994700
4701470247034704470547064707470847094710471147124713471447154716471747184719472047214722472347244725
4726472747284729473047314732473347344735473647374738473947404741474247434744474547464747474847494750
4751475247534754475547564757475847594760476147624763476447654766476747684769477047714772477347744775
4776477747784779478047814782478347844785478647874788478947904791479247934794479547964797479847994800
4801480248034804480548064807480848094810481148124813481448154816481748184819482048214822482348244825
4826482748284829483048314832483348344835483648374838483948404841484248434844484548464847484848494850
4851485248534854485548564857485848594860486148624863486448654866486748684869487048714872487348744875
4876487748784879488048814882488348844885488648874888488948904891489248934894489548964897489848994900
4901490249034904490549064907490849094910491149124913491449154916491749184919492049214922492349244925
4926492749284929493049314932493349344935493649374938493949404941494249434944494549464947494849494950
4951495249534954495549564957495849594960496149624963496449654966496749684969497049714972497349744975
4976497749784979498049814982498349844985498649874988498949904991499249934994499549964997499849995000
5001500250035004500550065007500850095010501150125013501450155016501750185019502050215022502350245025
5026502750285029503050315032503350345035503650375038503950405041504250435044504550465047504850495050
5051505250535054505550565057505850595060506150625063506450655066506750685069507050715072507350745075
5076507750785079508050815082508350845085508650875088508950905091509250935094509550965097509850995100
5101510251035104510551065107510851095110511151125113511451155116511751185119512051215122512351245125
5126512751285129513051315132513351345135513651375138513951405141514251435144514551465147514851495150
5151515251535154515551565157515851595160516151625163516451655166516751685169517051715172517351745175
5176517751785179518051815182518351845185518651875188518951905191519251935194519551965197519851995200
5201520252035204520552065207520852095210521152125213521452155216521752185219522052215222522352245225
5226522752285229523052315232523352345235523652375238523952405241524252435244524552465247524852495250
5251525252535254525552565257525852595260526152625263526452655266526752685269527052715272527352745275
5276527752785279528052815282528352845285528652875288528952905291529252935294529552965297529852995300
5301530253035304530553065307530853095310531153125313531453155316531753185319532053215322532353245325
5326532753285329533053315332533353345335533653375338533953405341534253435344534553465347534853495350
5351535253535354535553565357535853595360536153625363536453655366536753685369537053715372537353745375
5376537753785379538053815382538353845385538653875388538953905391539253935394539553965397539853995400
5401540254035404540554065407540854095410541154125413541454155416541754185419542054215422542354245425
5426542754285429543054315432543354345435543654375438543954405441544254435444544554465447544854495450
5451545254535454545554565457545854595460546154625463546454655466546754685469547054715472547354745475
5476547754785479548054815482548354845485548654875488548954905491549254935494549554965497549854995500
5501550255035504550555065507550855095510551155125513551455155516551755185519552055215522552355245525
5526552755285529553055315532553355345535553655375538553955405541554255435544554555465547554855495550
5551555255535554555555565557555855595560556155625563556455655566556755685569557055715572557355745575
5576557755785579558055815582558355845585558655875588558955905591559255935594559555965597559855995600
5601560256035604560556065607560856095610561156125613561456155616561756185619562056215622562356245625
5626562756285629563056315632563356345635563656375638563956405641564256435644564556465647564856495650
5651565256535654565556565657565856595660566156625663566456655666566756685669567056715672567356745675
5676567756785679568056815682568356845685568656875688568956905691569256935694569556965697569856995700
5701570257035704570557065707570857095710571157125713571457155716571757185719572057215722572357245725
5726572757285729573057315732573357345735573657375738573957405741574257435744574557465747574857495750
5751575257535754575557565757575857595760576157625763576457655766576757685769577057715772577357745775
5776577757785779578057815782578357845785578657875788578957905791579257935794579557965797579857995800
5801580258035804580558065807580858095810581158125813581458155816581758185819582058215822582358245825
5826582758285829583058315832583358345835583658375838583958405841584258435844584558465847584858495850
5851585258535854585558565857585858595860586158625863586458655866586758685869587058715872587358745875
5876587758785879588058815882588358845885588658875888588958905891589258935894589558965897589858995900
5901590259035904590559065907590859095910591159125913591459155916591759185919592059215922592359245925
5926592759285929593059315932593359345935593659375938593959405941594259435944594559465947594859495950
5951595259535954595559565957595859595960596159625963596459655966596759685969597059715972597359745975
5976597759785979598059815982598359845985598659875988598959905991599259935994599559965997599859996000
6001600260036004600560066007600860096010601160126013601460156016601760186019602060216022602360246025
6026602760286029603060316032603360346035603660376038603960406041604260436044604560466047604860496050
6051605260536054605560566057605860596060606160626063606460656066606760686069607060716072607360746075
6076607760786079608060816082608360846085608660876088608960906091609260936094609560966097609860996100
6101610261036104610561066107610861096110611161126113611461156116611761186119612061216122612361246125
6126612761286129613061316132613361346135613661376138613961406141614261436144614561466147614861496150
6151615261536154615561566157615861596160616161626163616461656166616761686169617061716172617361746175
6176617761786179618061816182618361846185618661876188618961906191619261936194619561966197619861996200
6201620262036204620562066207620862096210621162126213621462156216621762186219622062216222622362246225
6226622762286229623062316232623362346235623662376238623962406241624262436244624562466247624862496250
6251625262536254625562566257625862596260626162626263626462656266626762686269627062716272627362746275
6276627762786279628062816282628362846285628662876288628962906291629262936294629562966297629862996300
6301630263036304630563066307630863096310631163126313631463156316631763186319632063216322632363246325
6326632763286329633063316332633363346335633663376338633963406341634263436344634563466347634863496350
6351635263536354635563566357635863596360636163626363636463656366636763686369637063716372637363746375
6376637763786379638063816382638363846385638663876388638963906391639263936394639563966397639863996400
6401640264036404640564066407640864096410641164126413641464156416641764186419642064216422642364246425
6426642764286429643064316432643364346435643664376438643964406441644264436444644564466447644864496450
6451645264536454645564566457645864596460646164626463646464656466646764686469647064716472647364746475
6476647764786479648064816482648364846485648664876488648964906491649264936494649564966497649864996500
6501650265036504650565066507650865096510651165126513651465156516651765186519652065216522652365246525
6526652765286529653065316532653365346535653665376538653965406541654265436544654565466547654865496550
6551655265536554655565566557655865596560656165626563656465656566656765686569657065716572657365746575
6576657765786579658065816582658365846585658665876588658965906591659265936594659565966597659865996600
6601660266036604660566066607660866096610661166126613661466156616661766186619662066216622662366246625
6626662766286629663066316632663366346635663666376638663966406641664266436644664566466647664866496650
6651665266536654665566566657665866596660666166626663666466656666666766686669667066716672667366746675
6676667766786679668066816682668366846685668666876688668966906691669266936694669566966697669866996700
6701670267036704670567066707670867096710671167126713671467156716671767186719672067216722672367246725
6726672767286729673067316732673367346735673667376738673967406741674267436744674567466747674867496750
6751675267536754675567566757675867596760676167626763676467656766676767686769677067716772677367746775
6776677767786779678067816782678367846785678667876788678967906791679267936794679567966797679867996800
6801680268036804680568066807680868096810681168126813681468156816681768186819682068216822682368246825
6826682768286829683068316832683368346835683668376838683968406841684268436844684568466847684868496850
6851685268536854685568566857685868596860686168626863686468656866686768686869687068716872687368746875
6876687768786879688068816882688368846885688668876888688968906891689268936894689568966897689868996900
6901690269036904690569066907690869096910691169126913691469156916691769186919692069216922692369246925
6926692769286929693069316932693369346935693669376938693969406941694269436944694569466947694869496950
6951695269536954695569566957695869596960696169626963696469656966696769686969697069716972697369746975
6976697769786979698069816982698369846985698669876988698969906991699269936994699569966997699869997000
7001700270037004700570067007700870097010701170127013701470157016701770187019702070217022702370247025
7026702770287029703070317032703370347035703670377038703970407041704270437044704570467047704870497050
7051705270537054705570567057705870597060706170627063706470657066706770687069707070717072707370747075
7076707770787079708070817082708370847085708670877088708970907091709270937094709570967097709870997100
7101710271037104710571067107710871097110711171127113711471157116711771187119712071217122712371247125
7126712771287129713071317132713371347135713671377138713971407141714271437144714571467147714871497150
7151715271537154715571567157715871597160716171627163716471657166716771687169717071717172717371747175
7176717771787179718071817182718371847185718671877188718971907191719271937194719571967197719871997200
7201720272037204720572067207720872097210721172127213721472157216721772187219722072217222722372247225
7226722772287229723072317232723372347235723672377238723972407241724272437244724572467247724872497250
7251725272537254725572567257725872597260726172627263726472657266726772687269727072717272727372747275
7276727772787279728072817282728372847285728672877288728972907291729272937294729572967297729872997300
7301730273037304730573067307730873097310731173127313731473157316731773187319732073217322732373247325
7326732773287329733073317332733373347335733673377338733973407341734273437344734573467347734873497350
7351735273537354735573567357735873597360736173627363736473657366736773687369737073717372737373747375
7376737773787379738073817382738373847385738673877388738973907391739273937394739573967397739873997400
7401740274037404740574067407740874097410741174127413741474157416741774187419742074217422742374247425
7426742774287429743074317432743374347435743674377438743974407441744274437444744574467447744874497450
7451745274537454745574567457745874597460746174627463746474657466746774687469747074717472747374747475
7476747774787479748074817482748374847485748674877488748974907491749274937494749574967497749874997500
7501750275037504750575067507750875097510751175127513751475157516751775187519752075217522752375247525
7526752775287529753075317532753375347535753675377538753975407541754275437544754575467547754875497550
7551755275537554755575567557755875597560756175627563756475657566756775687569757075717572757375747575
7576757775787579758075817582758375847585758675877588758975907591759275937594759575967597759875997600
7601760276037604760576067607760876097610761176127613761476157616761776187619762076217622762376247625
7626762776287629763076317632763376347635763676377638763976407641764276437644764576467647764876497650
7651765276537654765576567657765876597660766176627663766476657666766776687669767076717672767376747675
7676767776787679768076817682768376847685768676877688768976907691769276937694769576967697769876997700
7701770277037704770577067707770877097710771177127713771477157716771777187719772077217722772377247725
7726772777287729773077317732773377347735773677377738773977407741774277437744774577467747774877497750
7751775277537754775577567757775877597760776177627763776477657766776777687769777077717772777377747775
7776777777787779778077817782778377847785778677877788778977907791779277937794779577967797779877997800
7801780278037804780578067807780878097810781178127813781478157816781778187819782078217822782378247825
7826782778287829783078317832783378347835783678377838783978407841784278437844784578467847784878497850
7851785278537854785578567857785878597860786178627863786478657866786778687869787078717872787378747875
7876787778787879788078817882788378847885788678877888788978907891789278937894789578967897789878997900
7901790279037904790579067907790879097910791179127913791479157916791779187919792079217922792379247925
7926792779287929793079317932793379347935793679377938793979407941794279437944794579467947794879497950
7951795279537954795579567957795879597960796179627963796479657966796779687969797079717972797379747975
7976797779787979798079817982798379847985798679877988798979907991799279937994799579967997799879998000
8001800280038004800580068007800880098010801180128013801480158016801780188019802080218022802380248025
8026802780288029803080318032803380348035803680378038803980408041804280438044804580468047804880498050
8051805280538054805580568057805880598060806180628063806480658066806780688069807080718072807380748075
8076807780788079808080818082808380848085808680878088808980908091809280938094809580968097809880998100
8101810281038104810581068107810881098110811181128113811481158116811781188119812081218122812381248125
8126812781288129813081318132813381348135813681378138813981408141814281438144814581468147814881498150
8151815281538154815581568157815881598160816181628163816481658166816781688169817081718172817381748175
8176817781788179818081818182818381848185818681878188818981908191819281938194819581968197819881998200
8201820282038204820582068207820882098210821182128213821482158216821782188219822082218222822382248225
8226822782288229823082318232823382348235823682378238823982408241824282438244824582468247824882498250
8251825282538254825582568257825882598260826182628263826482658266826782688269827082718272827382748275
8276827782788279828082818282828382848285828682878288828982908291829282938294829582968297829882998300
8301830283038304830583068307830883098310831183128313831483158316831783188319832083218322832383248325
8326832783288329833083318332833383348335833683378338833983408341834283438344834583468347834883498350
8351835283538354835583568357835883598360836183628363836483658366836783688369837083718372837383748375
8376837783788379838083818382838383848385838683878388838983908391839283938394839583968397839883998400
8401840284038404840584068407840884098410841184128413841484158416841784188419842084218422842384248425
8426842784288429843084318432843384348435843684378438843984408441844284438444844584468447844884498450
8451845284538454845584568457845884598460846184628463846484658466846784688469847084718472847384748475
8476847784788479848084818482848384848485848684878488848984908491849284938494849584968497849884998500
8501850285038504850585068507850885098510851185128513851485158516851785188519852085218522852385248525
8526852785288529853085318532853385348535853685378538853985408541854285438544854585468547854885498550
8551855285538554855585568557855885598560856185628563856485658566856785688569857085718572857385748575
8576857785788579858085818582858385848585858685878588858985908591859285938594859585968597859885998600
8601860286038604860586068607860886098610861186128613861486158616861786188619862086218622862386248625
8626862786288629863086318632863386348635863686378638863986408641864286438644864586468647864886498650
8651865286538654865586568657865886598660866186628663866486658666866786688669867086718672867386748675
8676867786788679868086818682868386848685868686878688868986908691869286938694869586968697869886998700
8701870287038704870587068707870887098710871187128713871487158716871787188719872087218722872387248725
8726872787288729873087318732873387348735873687378738873987408741874287438744874587468747874887498750
8751875287538754875587568757875887598760876187628763876487658766876787688769877087718772877387748775
8776877787788779878087818782878387848785878687878788878987908791879287938794879587968797879887998800
8801880288038804880588068807880888098810881188128813881488158816881788188819882088218822882388248825
8826882788288829883088318832883388348835883688378838883988408841884288438844884588468847884888498850
8851885288538854885588568857885888598860886188628863886488658866886788688869887088718872887388748875
8876887788788879888088818882888388848885888688878888888988908891889288938894889588968897889888998900
8901890289038904890589068907890889098910891189128913891489158916891789188919892089218922892389248925
8926892789288929893089318932893389348935893689378938893989408941894289438944894589468947894889498950
8951895289538954895589568957895889598960896189628963896489658966896789688969897089718972897389748975
8976897789788979898089818982898389848985898689878988898989908991899289938994899589968997899889999000
9001900290039004900590069007900890099010901190129013901490159016901790189019902090219022902390249025
9026902790289029903090319032903390349035903690379038903990409041904290439044904590469047904890499050
9051905290539054905590569057905890599060906190629063906490659066906790689069907090719072907390749075
9076907790789079908090819082908390849085908690879088908990909091909290939094909590969097909890999100
9101910291039104910591069107910891099110911191129113911491159116911791189119912091219122912391249125
9126912791289129913091319132913391349135913691379138913991409141914291439144914591469147914891499150
9151915291539154915591569157915891599160916191629163916491659166916791689169917091719172917391749175
9176917791789179918091819182918391849185918691879188918991909191919291939194919591969197919891999200
9201920292039204920592069207920892099210921192129213921492159216921792189219922092219222922392249225
9226922792289229923092319232923392349235923692379238923992409241924292439244924592469247924892499250
9251925292539254925592569257925892599260926192629263926492659266926792689269927092719272927392749275
9276927792789279928092819282928392849285928692879288928992909291929292939294929592969297929892999300
9301930293039304930593069307930893099310931193129313931493159316931793189319932093219322932393249325
9326932793289329933093319332933393349335933693379338933993409341934293439344934593469347934893499350
9351935293539354935593569357935893599360936193629363936493659366936793689369937093719372937393749375
9376937793789379938093819382938393849385938693879388938993909391939293939394939593969397939893999400
9401940294039404940594069407940894099410941194129413941494159416941794189419942094219422942394249425
9426942794289429943094319432943394349435943694379438943994409441944294439444944594469447944894499450
9451945294539454945594569457945894599460946194629463946494659466946794689469947094719472947394749475
9476947794789479948094819482948394849485948694879488948994909491949294939494949594969497949894999500
9501950295039504950595069507950895099510951195129513951495159516951795189519952095219522952395249525
9526952795289529953095319532953395349535953695379538953995409541954295439544954595469547954895499550
9551955295539554955595569557955895599560956195629563956495659566956795689569957095719572957395749575
9576957795789579958095819582958395849585958695879588958995909591959295939594959595969597959895999600
9601960296039604960596069607960896099610961196129613961496159616961796189619962096219622962396249625
9626962796289629963096319632963396349635963696379638963996409641964296439644964596469647964896499650
9651965296539654965596569657965896599660966196629663966496659666966796689669967096719672967396749675
9676967796789679968096819682968396849685968696879688968996909691969296939694969596969697969896999700
9701970297039704970597069707970897099710971197129713971497159716971797189719972097219722972397249725
9726972797289729973097319732973397349735973697379738973997409741974297439744974597469747974897499750
9751975297539754975597569757975897599760976197629763976497659766976797689769977097719772977397749775
9776977797789779978097819782978397849785978697879788978997909791979297939794979597969797979897999800
9801980298039804980598069807980898099810981198129813981498159816981798189819982098219822982398249825
9826982798289829983098319832983398349835983698379838983998409841984298439844984598469847984898499850
9851985298539854985598569857985898599860986198629863986498659866986798689869987098719872987398749875
9876987798789879988098819882988398849885988698879888988998909891989298939894989598969897989898999900
9901990299039904990599069907990899099910991199129913991499159916991799189919992099219922992399249925
9926992799289929993099319932993399349935993699379938993999409941994299439944994599469947994899499950
9951995299539954995599569957995899599960996199629963996499659966996799689969997099719972997399749975
99769977997899799980998199829983998499859986998799889989999099919992999399949995999699979998999910000
10001100021000310004100051000610007100081000910010100111001210013100141001510016100171001810019100201002110022100231002410025
10026100271002810029100301003110032100331003410035100361003710038100391004010041100421004310044100451004610047100481004910050
10051100521005310054100551005610057100581005910060100611006210063100641006510066100671006810069100701007110072100731007410075
10076100771007810079100801008110082100831008410085100861008710088100891009010091100921009310094100951009610097100981009910100
10101101021010310104101051010610107101081010910110101111011210113101141011510116101171011810119101201012110122101231012410125
10126101271012810129101301013110132101331013410135101361013710138101391014010141101421014310144101451014610147101481014910150
10151101521015310154101551015610157101581015910160101611016210163101641016510166101671016810169101701017110172101731017410175
10176101771017810179101801018110182101831018410185101861018710188101891019010191101921019310194101951019610197101981019910200
10201102021020310204102051020610207102081020910210102111021210213102141021510216102171021810219102201022110222102231022410225
10226102271022810229102301023110232102331023410235102361023710238102391024010241102421024310244102451024610247102481024910250
10251102521025310254102551025610257102581025910260102611026210263102641026510266102671026810269102701027110272102731027410275
10276102771027810279102801028110282102831028410285102861028710288102891029010291102921029310294102951029610297102981029910300
10301103021030310304103051030610307103081030910310103111031210313103141031510316103171031810319103201032110322103231032410325
10326103271032810329103301033110332103331033410335103361033710338103391034010341103421034310344103451034610347103481034910350
10351103521035310354103551035610357103581035910360103611036210363103641036510366103671036810369103701037110372103731037410375
10376103771037810379103801038110382103831038410385103861038710388103891039010391103921039310394103951039610397103981039910400
10401104021040310404104051040610407104081040910410104111041210413104141041510416104171041810419104201042110422104231042410425
10426104271042810429104301043110432104331043410435104361043710438104391044010441104421044310444104451044610447104481044910450
10451104521045310454104551045610457104581045910460104611046210463104641046510466104671046810469104701047110472104731047410475
10476104771047810479104801048110482104831048410485104861048710488104891049010491104921049310494104951049610497104981049910500
10501105021050310504105051050610507105081050910510105111051210513105141051510516105171051810519105201052110522105231052410525
10526105271052810529105301053110532105331053410535105361053710538105391054010541105421054310544105451054610547105481054910550
10551105521055310554105551055610557105581055910560105611056210563105641056510566105671056810569105701057110572105731057410575
10576105771057810579105801058110582105831058410585105861058710588105891059010591105921059310594105951059610597105981059910600
10601106021060310604106051060610607106081060910610106111061210613106141061510616106171061810619106201062110622106231062410625
10626106271062810629106301063110632106331063410635106361063710638106391064010641106421064310644106451064610647106481064910650
10651106521065310654106551065610657106581065910660106611066210663106641066510666106671066810669106701067110672106731067410675
10676106771067810679106801068110682106831068410685106861068710688106891069010691106921069310694106951069610697106981069910700
10701107021070310704107051070610707107081070910710107111071210713107141071510716107171071810719107201072110722107231072410725
10726107271072810729107301073110732107331073410735107361073710738107391074010741107421074310744107451074610747107481074910750
10751107521075310754107551075610757107581075910760107611076210763107641076510766107671076810769107701077110772107731077410775
10776107771077810779107801078110782107831078410785107861078710788107891079010791107921079310794107951079610797107981079910800
10801108021080310804108051080610807108081080910810108111081210813108141081510816108171081810819108201082110822108231082410825
10826108271082810829108301083110832108331083410835108361083710838108391084010841108421084310844108451084610847108481084910850
10851108521085310854108551085610857108581085910860108611086210863108641086510866108671086810869108701087110872108731087410875
10876108771087810879108801088110882108831088410885108861088710888108891089010891108921089310894108951089610897108981089910900
10901109021090310904109051090610907109081090910910109111091210913109141091510916109171091810919109201092110922109231092410925
10926109271092810929109301093110932109331093410935109361093710938109391094010941109421094310944109451094610947109481094910950
10951109521095310954109551095610957109581095910960109611096210963109641096510966109671096810969109701097110972109731097410975
10976109771097810979109801098110982109831098410985109861098710988109891099010991109921099310994109951099610997109981099911000
11001110021100311004110051100611007110081100911010110111101211013110141101511016110171101811019110201102111022110231102411025
11026110271102811029110301103111032110331103411035110361103711038110391104011041110421104311044110451104611047110481104911050
11051110521105311054110551105611057110581105911060110611106211063110641106511066110671106811069110701107111072110731107411075
11076110771107811079110801108111082110831108411085110861108711088110891109011091110921109311094110951109611097110981109911100
11101111021110311104111051110611107111081110911110111111111211113111141111511116111171111811119111201112111122111231112411125
11126111271112811129111301113111132111331113411135111361113711138111391114011141111421114311144111451114611147111481114911150
11151111521115311154111551115611157111581115911160111611116211163111641116511166111671116811169111701117111172111731117411175
11176111771117811179111801118111182111831118411185111861118711188111891119011191111921119311194111951119611197111981119911200
11201112021120311204112051120611207112081120911210112111121211213112141121511216112171121811219112201122111222112231122411225
11226112271122811229112301123111232112331123411235112361123711238112391124011241112421124311244112451124611247112481124911250
11251112521125311254112551125611257112581125911260112611126211263112641126511266112671126811269112701127111272112731127411275
11276112771127811279112801128111282112831128411285112861128711288112891129011291112921129311294112951129611297112981129911300
11301113021130311304113051130611307113081130911310113111131211313113141131511316113171131811319113201132111322113231132411325
11326113271132811329113301133111332113331133411335113361133711338113391134011341113421134311344113451134611347113481134911350
11351113521135311354113551135611357113581135911360113611136211363113641136511366113671136811369113701137111372113731137411375
11376113771137811379113801138111382113831138411385113861138711388113891139011391113921139311394113951139611397113981139911400
11401114021140311404114051140611407114081140911410114111141211413114141141511416114171141811419114201142111422114231142411425
11426114271142811429114301143111432114331143411435114361143711438114391144011441114421144311444114451144611447114481144911450
11451114521145311454114551145611457114581145911460114611146211463114641146511466114671146811469114701147111472114731147411475
11476114771147811479114801148111482114831148411485114861148711488114891149011491114921149311494114951149611497114981149911500
11501115021150311504115051150611507115081150911510115111151211513115141151511516115171151811519115201152111522115231152411525
11526115271152811529115301153111532115331153411535115361153711538115391154011541115421154311544115451154611547115481154911550
11551115521155311554115551155611557115581155911560115611156211563115641156511566115671156811569115701157111572115731157411575
11576115771157811579115801158111582115831158411585115861158711588115891159011591115921159311594115951159611597115981159911600
11601116021160311604116051160611607116081160911610116111161211613116141161511616116171161811619116201162111622116231162411625
11626116271162811629116301163111632116331163411635116361163711638116391164011641116421164311644116451164611647116481164911650
11651116521165311654116551165611657116581165911660116611166211663116641166511666116671166811669116701167111672116731167411675
11676116771167811679116801168111682116831168411685116861168711688116891169011691116921169311694116951169611697116981169911700
11701117021170311704117051170611707117081170911710117111171211713117141171511716117171171811719117201172111722117231172411725
11726117271172811729117301173111732117331173411735117361173711738117391174011741117421174311744117451174611747117481174911750
11751117521175311754117551175611757117581175911760117611176211763117641176511766117671176811769117701177111772117731177411775
11776117771177811779117801178111782117831178411785117861178711788117891179011791117921179311794117951179611797117981179911800
11801118021180311804118051180611807118081180911810118111181211813118141181511816118171181811819118201182111822118231182411825
11826118271182811829118301183111832118331183411835118361183711838118391184011841118421184311844118451184611847118481184911850
11851118521185311854118551185611857118581185911860118611186211863118641186511866118671186811869118701187111872118731187411875
11876118771187811879118801188111882118831188411885118861188711888118891189011891118921189311894118951189611897118981189911900
11901119021190311904119051190611907119081190911910119111191211913119141191511916119171191811919119201192111922119231192411925
11926119271192811929119301193111932119331193411935119361193711938119391194011941119421194311944119451194611947119481194911950
11951119521195311954119551195611957119581195911960119611196211963119641196511966119671196811969119701197111972119731197411975
11976119771197811979119801198111982119831198411985119861198711988119891199011991119921199311994119951199611997119981199912000
12001120021200312004120051200612007120081200912010120111201212013120141201512016120171201812019120201202112022120231202412025
12026120271202812029120301203112032120331203412035120361203712038120391204012041120421204312044120451204612047120481204912050
12051120521205312054120551205612057120581205912060120611206212063120641206512066120671206812069120701207112072120731207412075
12076120771207812079120801208112082120831208412085120861208712088120891209012091120921209312094120951209612097120981209912100
12101121021210312104121051210612107121081210912110121111211212113121141211512116121171211812119121201212112122121231212412125
12126121271212812129121301213112132121331213412135121361213712138121391214012141121421214312144121451214612147121481214912150
12151121521215312154121551215612157121581215912160121611216212163121641216512166121671216812169121701217112172121731217412175
12176121771217812179121801218112182121831218412185121861218712188121891219012191121921219312194121951219612197121981219912200
12201122021220312204122051220612207122081220912210122111221212213122141221512216122171221812219122201222112222122231222412225
12226122271222812229122301223112232122331223412235122361223712238122391224012241122421224312244122451224612247122481224912250
12251122521225312254122551225612257122581225912260122611226212263122641226512266122671226812269122701227112272122731227412275
12276122771227812279122801228112282122831228412285122861228712288122891229012291122921229312294122951229612297122981229912300
12301123021230312304123051230612307123081230912310123111231212313123141231512316123171231812319123201232112322123231232412325
12326123271232812329123301233112332123331233412335123361233712338123391234012341123421234312344123451234612347123481234912350
12351123521235312354123551235612357123581235912360123611236212363123641236512366123671236812369123701237112372123731237412375
12376123771237812379123801238112382123831238412385123861238712388123891239012391123921239312394123951239612397123981239912400
12401124021240312404124051240612407124081240912410124111241212413124141241512416124171241812419124201242112422124231242412425
12426124271242812429124301243112432124331243412435124361243712438124391244012441124421244312444124451244612447124481244912450
12451124521245312454124551245612457124581245912460124611246212463124641246512466124671246812469124701247112472124731247412475
12476124771247812479124801248112482124831248412485124861248712488124891249012491124921249312494124951249612497124981249912500
12501125021250312504125051250612507125081250912510125111251212513125141251512516125171251812519125201252112522125231252412525
12526125271252812529125301253112532125331253412535125361253712538125391254012541125421254312544125451254612547125481254912550
12551125521255312554125551255612557125581255912560125611256212563125641256512566125671256812569125701257112572125731257412575
12576125771257812579125801258112582125831258412585125861258712588125891259012591125921259312594125951259612597125981259912600
12601126021260312604126051260612607126081260912610126111261212613126141261512616126171261812619126201262112622126231262412625
12626126271262812629126301263112632126331263412635126361263712638126391264012641126421264312644126451264612647126481264912650
12651126521265312654126551265612657126581265912660126611266212663126641266512666126671266812669126701267112672126731267412675
12676126771267812679126801268112682126831268412685126861268712688126891269012691126921269312694126951269612697126981269912700
12701127021270312704127051270612707127081270912710127111271212713127141271512716127171271812719127201272112722127231272412725
12726127271272812729127301273112732127331273412735127361273712738127391274012741127421274312744127451274612747127481274912750
12751127521275312754127551275612757127581275912760127611276212763127641276512766127671276812769127701277112772127731277412775
12776127771277812779127801278112782127831278412785127861278712788127891279012791127921279312794127951279612797127981279912800
12801128021280312804128051280612807128081280912810128111281212813128141281512816128171281812819128201282112822128231282412825
12826128271282812829128301283112832128331283412835128361283712838128391284012841128421284312844128451284612847128481284912850
12851128521285312854128551285612857128581285912860128611286212863128641286512866128671286812869128701287112872128731287412875
12876128771287812879128801288112882128831288412885128861288712888128891289012891128921289312894128951289612897128981289912900
12901129021290312904129051290612907129081290912910129111291212913129141291512916129171291812919129201292112922129231292412925
12926129271292812929129301293112932129331293412935129361293712938129391294012941129421294312944129451294612947129481294912950
12951129521295312954129551295612957129581295912960129611296212963129641296512966129671296812969129701297112972129731297412975
12976129771297812979129801298112982129831298412985129861298712988129891299012991129921299312994129951299612997129981299913000
13001130021300313004130051300613007130081300913010130111301213013130141301513016130171301813019130201302113022130231302413025
13026130271302813029130301303113032130331303413035130361303713038130391304013041130421304313044130451304613047130481304913050
13051130521305313054130551305613057130581305913060130611306213063130641306513066130671306813069130701307113072130731307413075
13076130771307813079130801308113082130831308413085130861308713088130891309013091130921309313094130951309613097130981309913100
13101131021310313104131051310613107131081310913110131111311213113131141311513116131171311813119131201312113122131231312413125
13126131271312813129131301313113132131331313413135131361313713138131391314013141131421314313144131451314613147131481314913150
13151131521315313154131551315613157131581315913160131611316213163131641316513166131671316813169131701317113172131731317413175
13176131771317813179131801318113182131831318413185131861318713188131891319013191131921319313194131951319613197131981319913200
13201132021320313204132051320613207132081320913210132111321213213132141321513216132171321813219132201322113222132231322413225
13226132271322813229132301323113232132331323413235132361323713238132391324013241132421324313244132451324613247132481324913250
13251132521325313254132551325613257132581325913260132611326213263132641326513266132671326813269132701327113272132731327413275
13276132771327813279132801328113282132831328413285132861328713288132891329013291132921329313294132951329613297132981329913300
13301133021330313304133051330613307133081330913310133111331213313133141331513316133171331813319133201332113322133231332413325
13326133271332813329133301333113332133331333413335133361333713338133391334013341133421334313344133451334613347133481334913350
13351133521335313354133551335613357133581335913360133611336213363133641336513366133671336813369133701337113372133731337413375
13376133771337813379133801338113382133831338413385133861338713388133891339013391133921339313394133951339613397133981339913400
13401134021340313404134051340613407134081340913410134111341213413134141341513416134171341813419134201342113422134231342413425
13426134271342813429134301343113432134331343413435134361343713438134391344013441134421344313444134451344613447134481344913450
13451134521345313454134551345613457134581345913460134611346213463134641346513466134671346813469134701347113472134731347413475
13476134771347813479134801348113482134831348413485134861348713488134891349013491134921349313494134951349613497134981349913500
13501135021350313504135051350613507135081350913510135111351213513135141351513516135171351813519135201352113522135231352413525
13526135271352813529135301353113532135331353413535135361353713538135391354013541135421354313544135451354613547135481354913550
13551135521355313554135551355613557135581355913560135611356213563135641356513566135671356813569135701357113572135731357413575
13576135771357813579135801358113582135831358413585135861358713588135891359013591135921359313594135951359613597135981359913600
13601136021360313604136051360613607136081360913610136111361213613136141361513616136171361813619136201362113622136231362413625
13626136271362813629136301363113632136331363413635136361363713638136391364013641136421364313644136451364613647136481364913650
13651136521365313654136551365613657136581365913660136611366213663136641366513666136671366813669136701367113672136731367413675
13676136771367813679136801368113682136831368413685136861368713688136891369013691136921369313694136951369613697136981369913700
13701137021370313704137051370613707137081370913710137111371213713137141371513716137171371813719137201372113722137231372413725
13726137271372813729137301373113732137331373413735137361373713738137391374013741137421374313744137451374613747137481374913750
13751137521375313754137551375613757137581375913760137611376213763137641376513766137671376813769137701377113772137731377413775
13776137771377813779137801378113782137831378413785137861378713788137891379013791137921379313794137951379613797137981379913800
13801138021380313804138051380613807138081380913810138111381213813138141381513816138171381813819138201382113822138231382413825
13826138271382813829138301383113832138331383413835138361383713838138391384013841138421384313844138451384613847138481384913850
13851138521385313854138551385613857138581385913860138611386213863138641386513866138671386813869138701387113872138731387413875
13876138771387813879138801388113882138831388413885138861388713888138891389013891138921389313894138951389613897138981389913900
13901139021390313904139051390613907139081390913910139111391213913139141391513916139171391813919139201392113922139231392413925
13926139271392813929139301393113932139331393413935139361393713938139391394013941139421394313944139451394613947139481394913950
13951139521395313954139551395613957139581395913960139611396213963139641396513966139671396813969139701397113972139731397413975
13976139771397813979139801398113982139831398413985139861398713988139891399013991139921399313994139951399613997139981399914000
14001140021400314004140051400614007140081400914010140111401214013140141401514016140171401814019140201402114022140231402414025
14026140271402814029140301403114032140331403414035140361403714038140391404014041140421404314044140451404614047140481404914050
14051140521405314054140551405614057140581405914060140611406214063140641406514066140671406814069140701407114072140731407414075
14076140771407814079140801408114082140831408414085140861408714088140891409014091140921409314094140951409614097140981409914100
14101141021410314104141051410614107141081410914110141111411214113141141411514116141171411814119141201412114122141231412414125
14126141271412814129141301413114132141331413414135141361413714138141391414014141141421414314144141451414614147141481414914150
14151141521415314154141551415614157141581415914160141611416214163141641416514166141671416814169141701417114172141731417414175
14176141771417814179141801418114182141831418414185141861418714188141891419014191141921419314194141951419614197141981419914200
14201142021420314204142051420614207142081420914210142111421214213142141421514216142171421814219142201422114222142231422414225
14226142271422814229142301423114232142331423414235142361423714238142391424014241142421424314244142451424614247142481424914250
14251142521425314254142551425614257142581425914260142611426214263142641426514266142671426814269142701427114272142731427414275
14276142771427814279142801428114282142831428414285142861428714288142891429014291142921429314294142951429614297142981429914300
14301143021430314304143051430614307143081430914310143111431214313143141431514316143171431814319143201432114322143231432414325
14326143271432814329143301433114332143331433414335143361433714338143391434014341143421434314344143451434614347143481434914350
14351143521435314354143551435614357143581435914360143611436214363143641436514366143671436814369143701437114372143731437414375
14376143771437814379143801438114382143831438414385143861438714388143891439014391143921439314394143951439614397143981439914400
14401144021440314404144051440614407144081440914410144111441214413144141441514416144171441814419144201442114422144231442414425
14426144271442814429144301443114432144331443414435144361443714438144391444014441144421444314444144451444614447144481444914450
14451144521445314454144551445614457144581445914460144611446214463144641446514466144671446814469144701447114472144731447414475
14476144771447814479144801448114482144831448414485144861448714488144891449014491144921449314494144951449614497144981449914500
14501145021450314504145051450614507145081450914510145111451214513145141451514516145171451814519145201452114522145231452414525
14526145271452814529145301453114532145331453414535145361453714538145391454014541145421454314544145451454614547145481454914550
14551145521455314554145551455614557145581455914560145611456214563145641456514566145671456814569145701457114572145731457414575
14576145771457814579145801458114582145831458414585145861458714588145891459014591145921459314594145951459614597145981459914600
14601146021460314604146051460614607146081460914610146111461214613146141461514616146171461814619146201462114622146231462414625
14626146271462814629146301463114632146331463414635146361463714638146391464014641146421464314644146451464614647146481464914650
14651146521465314654146551465614657146581465914660146611466214663146641466514666146671466814669146701467114672146731467414675
14676146771467814679146801468114682146831468414685146861468714688146891469014691146921469314694146951469614697146981469914700
14701147021470314704147051470614707147081470914710147111471214713147141471514716147171471814719147201472114722147231472414725
14726147271472814729147301473114732147331473414735147361473714738147391474014741147421474314744147451474614747147481474914750
14751147521475314754147551475614757147581475914760147611476214763147641476514766147671476814769147701477114772147731477414775
14776147771477814779147801478114782147831478414785147861478714788147891479014791147921479314794147951479614797147981479914800
14801148021480314804148051480614807148081480914810148111481214813148141481514816148171481814819148201482114822148231482414825
14826148271482814829148301483114832148331483414835148361483714838148391484014841148421484314844148451484614847148481484914850
14851148521485314854148551485614857148581485914860148611486214863148641486514866148671486814869148701487114872148731487414875
14876148771487814879148801488114882148831488414885148861488714888148891489014891148921489314894148951489614897148981489914900
14901149021490314904149051490614907149081490914910149111491214913149141491514916149171491814919149201492114922149231492414925
14926149271492814929149301493114932149331493414935149361493714938149391494014941149421494314944149451494614947149481494914950
14951149521495314954149551495614957149581495914960149611496214963149641496514966149671496814969149701497114972149731497414975
14976149771497814979149801498114982149831498414985149861498714988149891499014991149921499314994149951499614997149981499915000
15001150021500315004150051500615007150081500915010150111501215013150141501515016150171501815019150201502115022150231502415025
15026150271502815029150301503115032150331503415035150361503715038150391504015041150421504315044150451504615047150481504915050
15051150521505315054150551505615057150581505915060150611506215063150641506515066150671506815069150701507115072150731507415075
15076150771507815079150801508115082150831508415085150861508715088150891509015091150921509315094150951509615097150981509915100
15101151021510315104151051510615107151081510915110151111511215113151141511515116151171511815119151201512115122151231512415125
15126151271512815129151301513115132151331513415135151361513715138151391514015141151421514315144151451514615147151481514915150
15151151521515315154151551515615157151581515915160151611516215163151641516515166151671516815169151701517115172151731517415175
15176151771517815179151801518115182151831518415185151861518715188151891519015191151921519315194151951519615197151981519915200
15201152021520315204152051520615207152081520915210152111521215213152141521515216152171521815219152201522115222152231522415225
15226152271522815229152301523115232152331523415235152361523715238152391524015241152421524315244152451524615247152481524915250
15251152521525315254152551525615257152581525915260152611526215263152641526515266152671526815269152701527115272152731527415275
15276152771527815279152801528115282152831528415285152861528715288152891529015291152921529315294152951529615297152981529915300
15301153021530315304153051530615307153081530915310153111531215313153141531515316153171531815319153201532115322153231532415325
15326153271532815329153301533115332153331533415335153361533715338153391534015341153421534315344153451534615347153481534915350
15351153521535315354153551535615357153581535915360153611536215363153641536515366153671536815369153701537115372153731537415375
15376153771537815379153801538115382153831538415385153861538715388153891539015391153921539315394153951539615397153981539915400
15401154021540315404154051540615407154081540915410154111541215413154141541515416154171541815419154201542115422154231542415425
15426154271542815429154301543115432154331543415435154361543715438154391544015441154421544315444154451544615447154481544915450
15451154521545315454154551545615457154581545915460154611546215463154641546515466154671546815469154701547115472154731547415475
15476154771547815479154801548115482154831548415485154861548715488154891549015491154921549315494154951549615497154981549915500
15501155021550315504155051550615507155081550915510155111551215513155141551515516155171551815519155201552115522155231552415525
15526155271552815529155301553115532155331553415535155361553715538155391554015541155421554315544155451554615547155481554915550
15551155521555315554155551555615557155581555915560155611556215563155641556515566155671556815569155701557115572155731557415575
15576155771557815579155801558115582155831558415585155861558715588155891559015591155921559315594155951559615597155981559915600
15601156021560315604156051560615607156081560915610156111561215613156141561515616156171561815619156201562115622156231562415625
15626156271562815629156301563115632156331563415635156361563715638156391564015641156421564315644156451564615647156481564915650
15651156521565315654156551565615657156581565915660156611566215663156641566515666156671566815669156701567115672156731567415675
15676156771567815679156801568115682156831568415685156861568715688156891569015691156921569315694156951569615697156981569915700
15701157021570315704157051570615707157081570915710157111571215713157141571515716157171571815719157201572115722157231572415725
15726157271572815729157301573115732157331573415735157361573715738157391574015741157421574315744157451574615747157481574915750
15751157521575315754157551575615757157581575915760157611576215763157641576515766157671576815769157701577115772157731577415775
15776157771577815779157801578115782157831578415785157861578715788157891579015791157921579315794157951579615797157981579915800
15801158021580315804158051580615807158081580915810158111581215813158141581515816158171581815819158201582115822158231582415825
15826158271582815829158301583115832158331583415835158361583715838158391584015841158421584315844158451584615847158481584915850
15851158521585315854158551585615857158581585915860158611586215863158641586515866158671586815869158701587115872158731587415875
15876158771587815879158801588115882158831588415885158861588715888158891589015891158921589315894158951589615897158981589915900
15901159021590315904159051590615907159081590915910159111591215913159141591515916159171591815919159201592115922159231592415925
15926159271592815929159301593115932159331593415935159361593715938159391594015941159421594315944159451594615947159481594915950
15951159521595315954159551595615957159581595915960159611596215963159641596515966159671596815969159701597115972159731597415975
15976159771597815979159801598115982159831598415985159861598715988159891599015991159921599315994159951599615997159981599916000
16001160021600316004160051600616007160081600916010160111601216013160141601516016160171601816019160201602116022160231602416025
16026160271602816029160301603116032160331603416035160361603716038160391604016041160421604316044160451604616047160481604916050
16051160521605316054160551605616057160581605916060160611606216063160641606516066160671606816069160701607116072160731607416075
16076160771607816079160801608116082160831608416085160861608716088160891609016091160921609316094160951609616097160981609916100
16101161021610316104161051610616107161081610916110161111611216113161141611516116161171611816119161201612116122161231612416125
16126161271612816129161301613116132161331613416135161361613716138161391614016141161421614316144161451614616147161481614916150
16151161521615316154161551615616157161581615916160161611616216163161641616516166161671616816169161701617116172161731617416175
16176161771617816179161801618116182161831618416185161861618716188161891619016191161921619316194161951619616197161981619916200
16201162021620316204162051620616207162081620916210162111621216213162141621516216162171621816219162201622116222162231622416225
16226162271622816229162301623116232162331623416235162361623716238162391624016241162421624316244162451624616247162481624916250
16251162521625316254162551625616257162581625916260162611626216263162641626516266162671626816269162701627116272162731627416275
16276162771627816279162801628116282162831628416285162861628716288162891629016291162921629316294162951629616297162981629916300
16301163021630316304163051630616307163081630916310163111631216313163141631516316163171631816319163201632116322163231632416325
16326163271632816329163301633116332163331633416335163361633716338163391634016341163421634316344163451634616347163481634916350
16351163521635316354163551635616357163581635916360163611636216363163641636516366163671636816369163701637116372163731637416375
16376163771637816379163801638116382163831638416385163861638716388163891639016391163921639316394163951639616397163981639916400
16401164021640316404164051640616407164081640916410164111641216413164141641516416164171641816419164201642116422164231642416425
16426164271642816429164301643116432164331643416435164361643716438164391644016441164421644316444164451644616447164481644916450
16451164521645316454164551645616457164581645916460164611646216463164641646516466164671646816469164701647116472164731647416475
16476164771647816479164801648116482164831648416485164861648716488164891649016491164921649316494164951649616497164981649916500
16501165021650316504165051650616507165081650916510165111651216513165141651516516165171651816519165201652116522165231652416525
16526165271652816529165301653116532165331653416535165361653716538165391654016541165421654316544165451654616547165481654916550
16551165521655316554165551655616557165581655916560165611656216563165641656516566165671656816569165701657116572165731657416575
16576165771657816579165801658116582165831658416585165861658716588165891659016591165921659316594165951659616597165981659916600
16601166021660316604166051660616607166081660916610166111661216613166141661516616166171661816619166201662116622166231662416625
16626166271662816629166301663116632166331663416635166361663716638166391664016641166421664316644166451664616647166481664916650
16651166521665316654166551665616657166581665916660166611666216663166641666516666166671666816669166701667116672166731667416675
16676166771667816679166801668116682166831668416685166861668716688166891669016691166921669316694166951669616697166981669916700
16701167021670316704167051670616707167081670916710167111671216713167141671516716167171671816719167201672116722167231672416725
16726167271672816729167301673116732167331673416735167361673716738167391674016741167421674316744167451674616747167481674916750
16751167521675316754167551675616757167581675916760167611676216763167641676516766167671676816769167701677116772167731677416775
16776167771677816779167801678116782167831678416785167861678716788167891679016791167921679316794167951679616797167981679916800
16801168021680316804168051680616807168081680916810168111681216813168141681516816168171681816819168201682116822168231682416825
16826168271682816829168301683116832168331683416835168361683716838168391684016841168421684316844168451684616847168481684916850
16851168521685316854168551685616857168581685916860168611686216863168641686516866168671686816869168701687116872168731687416875
16876168771687816879168801688116882168831688416885168861688716888168891689016891168921689316894168951689616897168981689916900
16901169021690316904169051690616907169081690916910169111691216913169141691516916169171691816919169201692116922169231692416925
16926169271692816929169301693116932169331693416935169361693716938169391694016941169421694316944169451694616947169481694916950
16951169521695316954169551695616957169581695916960169611696216963169641696516966169671696816969169701697116972169731697416975
16976169771697816979169801698116982169831698416985169861698716988169891699016991169921699316994169951699616997169981699917000
17001170021700317004170051700617007170081700917010170111701217013170141701517016170171701817019170201702117022170231702417025
17026170271702817029170301703117032170331703417035170361703717038170391704017041170421704317044170451704617047170481704917050
17051170521705317054170551705617057170581705917060170611706217063170641706517066170671706817069170701707117072170731707417075
17076170771707817079170801708117082170831708417085170861708717088170891709017091170921709317094170951709617097170981709917100
17101171021710317104171051710617107171081710917110171111711217113171141711517116171171711817119171201712117122171231712417125
17126171271712817129171301713117132171331713417135171361713717138171391714017141171421714317144171451714617147171481714917150
17151171521715317154171551715617157171581715917160171611716217163171641716517166171671716817169171701717117172171731717417175
17176171771717817179171801718117182171831718417185171861718717188171891719017191171921719317194171951719617197171981719917200
17201172021720317204172051720617207172081720917210172111721217213172141721517216172171721817219172201722117222172231722417225
17226172271722817229172301723117232172331723417235172361723717238172391724017241172421724317244172451724617247172481724917250
17251172521725317254172551725617257172581725917260172611726217263172641726517266172671726817269172701727117272172731727417275
17276172771727817279172801728117282172831728417285172861728717288172891729017291172921729317294172951729617297172981729917300
17301173021730317304173051730617307173081730917310173111731217313173141731517316173171731817319173201732117322173231732417325
17326173271732817329173301733117332173331733417335173361733717338173391734017341173421734317344173451734617347173481734917350
17351173521735317354173551735617357173581735917360173611736217363173641736517366173671736817369173701737117372173731737417375
17376173771737817379173801738117382173831738417385173861738717388173891739017391173921739317394173951739617397173981739917400
17401174021740317404174051740617407174081740917410174111741217413174141741517416174171741817419174201742117422174231742417425
17426174271742817429174301743117432174331743417435174361743717438174391744017441174421744317444174451744617447174481744917450
17451174521745317454174551745617457174581745917460174611746217463174641746517466174671746817469174701747117472174731747417475
17476174771747817479174801748117482174831748417485174861748717488174891749017491174921749317494174951749617497174981749917500
17501175021750317504175051750617507175081750917510175111751217513175141751517516175171751817519175201752117522175231752417525
17526175271752817529175301753117532175331753417535175361753717538175391754017541175421754317544175451754617547175481754917550
17551175521755317554175551755617557175581755917560175611756217563175641756517566175671756817569175701757117572175731757417575
17576175771757817579175801758117582175831758417585175861758717588175891759017591175921759317594175951759617597175981759917600
17601176021760317604176051760617607176081760917610176111761217613176141761517616176171761817619176201762117622176231762417625
17626176271762817629176301763117632176331763417635176361763717638176391764017641176421764317644176451764617647176481764917650
17651176521765317654176551765617657176581765917660176611766217663176641766517666176671766817669176701767117672176731767417675
17676176771767817679176801768117682176831768417685176861768717688176891769017691176921769317694176951769617697176981769917700
17701177021770317704177051770617707177081770917710177111771217713177141771517716177171771817719177201772117722177231772417725
17726177271772817729177301773117732177331773417735177361773717738177391774017741177421774317744177451774617747177481774917750
17751177521775317754177551775617757177581775917760177611776217763177641776517766177671776817769177701777117772177731777417775
17776177771777817779177801778117782177831778417785177861778717788177891779017791177921779317794177951779617797177981779917800
17801178021780317804178051780617807178081780917810178111781217813178141781517816178171781817819178201782117822178231782417825
17826178271782817829178301783117832178331783417835178361783717838178391784017841178421784317844178451784617847178481784917850
17851178521785317854178551785617857178581785917860178611786217863178641786517866178671786817869178701787117872178731787417875
17876178771787817879178801788117882178831788417885178861788717888178891789017891178921789317894178951789617897178981789917900
17901179021790317904179051790617907179081790917910179111791217913179141791517916179171791817919179201792117922179231792417925
17926179271792817929179301793117932179331793417935179361793717938179391794017941179421794317944179451794617947179481794917950
17951179521795317954179551795617957179581795917960179611796217963179641796517966179671796817969179701797117972179731797417975
17976179771797817979179801798117982179831798417985179861798717988179891799017991179921799317994179951799617997179981799918000
18001180021800318004180051800618007180081800918010180111801218013180141801518016180171801818019180201802118022180231802418025
18026180271802818029180301803118032180331803418035180361803718038180391804018041180421804318044180451804618047180481804918050
18051180521805318054180551805618057180581805918060180611806218063180641806518066180671806818069180701807118072180731807418075
18076180771807818079180801808118082180831808418085180861808718088180891809018091180921809318094180951809618097180981809918100
18101181021810318104181051810618107181081810918110181111811218113181141811518116181171811818119181201812118122181231812418125
18126181271812818129181301813118132181331813418135181361813718138181391814018141181421814318144181451814618147181481814918150
18151181521815318154181551815618157181581815918160181611816218163181641816518166181671816818169181701817118172181731817418175
18176181771817818179181801818118182181831818418185181861818718188181891819018191181921819318194181951819618197181981819918200
18201182021820318204182051820618207182081820918210182111821218213182141821518216182171821818219182201822118222182231822418225
18226182271822818229182301823118232182331823418235182361823718238182391824018241182421824318244182451824618247182481824918250
18251182521825318254182551825618257182581825918260182611826218263182641826518266182671826818269182701827118272182731827418275
18276182771827818279182801828118282182831828418285182861828718288182891829018291182921829318294182951829618297182981829918300
18301183021830318304183051830618307183081830918310183111831218313183141831518316183171831818319183201832118322183231832418325
18326183271832818329183301833118332183331833418335183361833718338183391834018341183421834318344183451834618347183481834918350
18351183521835318354183551835618357183581835918360183611836218363183641836518366183671836818369183701837118372183731837418375
18376183771837818379183801838118382183831838418385183861838718388183891839018391183921839318394183951839618397183981839918400
18401184021840318404184051840618407184081840918410184111841218413184141841518416184171841818419184201842118422184231842418425
18426184271842818429184301843118432184331843418435184361843718438184391844018441184421844318444184451844618447184481844918450
18451184521845318454184551845618457184581845918460184611846218463184641846518466184671846818469184701847118472184731847418475
18476184771847818479184801848118482184831848418485184861848718488184891849018491184921849318494184951849618497184981849918500
18501185021850318504185051850618507185081850918510185111851218513185141851518516185171851818519185201852118522185231852418525
18526185271852818529185301853118532185331853418535185361853718538185391854018541185421854318544185451854618547185481854918550
18551185521855318554185551855618557185581855918560185611856218563185641856518566185671856818569185701857118572185731857418575
18576185771857818579185801858118582185831858418585185861858718588185891859018591185921859318594185951859618597185981859918600
18601186021860318604186051860618607186081860918610186111861218613186141861518616186171861818619186201862118622186231862418625
18626186271862818629186301863118632186331863418635186361863718638186391864018641186421864318644186451864618647186481864918650
18651186521865318654186551865618657186581865918660186611866218663186641866518666186671866818669186701867118672186731867418675
18676186771867818679186801868118682186831868418685186861868718688186891869018691186921869318694186951869618697186981869918700
18701187021870318704187051870618707187081870918710187111871218713187141871518716187171871818719187201872118722187231872418725
18726187271872818729187301873118732187331873418735187361873718738187391874018741187421874318744187451874618747187481874918750
18751187521875318754187551875618757187581875918760187611876218763187641876518766187671876818769187701877118772187731877418775
18776187771877818779187801878118782187831878418785187861878718788187891879018791187921879318794187951879618797187981879918800
18801188021880318804188051880618807188081880918810188111881218813188141881518816188171881818819188201882118822188231882418825
18826188271882818829188301883118832188331883418835188361883718838188391884018841188421884318844188451884618847188481884918850
18851188521885318854188551885618857188581885918860188611886218863188641886518866188671886818869188701887118872188731887418875
18876188771887818879188801888118882188831888418885188861888718888188891889018891188921889318894188951889618897188981889918900
18901189021890318904189051890618907189081890918910189111891218913189141891518916189171891818919189201892118922189231892418925
18926189271892818929189301893118932189331893418935189361893718938189391894018941189421894318944189451894618947189481894918950
18951189521895318954189551895618957189581895918960189611896218963189641896518966189671896818969189701897118972189731897418975
18976189771897818979189801898118982189831898418985189861898718988189891899018991189921899318994189951899618997189981899919000
19001190021900319004190051900619007190081900919010190111901219013190141901519016190171901819019190201902119022190231902419025
19026190271902819029190301903119032190331903419035190361903719038190391904019041190421904319044190451904619047190481904919050
19051190521905319054190551905619057190581905919060190611906219063190641906519066190671906819069190701907119072190731907419075
19076190771907819079190801908119082190831908419085190861908719088190891909019091190921909319094190951909619097190981909919100
19101191021910319104191051910619107191081910919110191111911219113191141911519116191171911819119191201912119122191231912419125
19126191271912819129191301913119132191331913419135191361913719138191391914019141191421914319144191451914619147191481914919150
19151191521915319154191551915619157191581915919160191611916219163191641916519166191671916819169191701917119172191731917419175
19176191771917819179191801918119182191831918419185191861918719188191891919019191191921919319194191951919619197191981919919200
19201192021920319204192051920619207192081920919210192111921219213192141921519216192171921819219192201922119222192231922419225
19226192271922819229192301923119232192331923419235192361923719238192391924019241192421924319244192451924619247192481924919250
19251192521925319254192551925619257192581925919260192611926219263192641926519266192671926819269192701927119272192731927419275
19276192771927819279192801928119282192831928419285192861928719288192891929019291192921929319294192951929619297192981929919300
19301193021930319304193051930619307193081930919310193111931219313193141931519316193171931819319193201932119322193231932419325
19326193271932819329193301933119332193331933419335193361933719338193391934019341193421934319344193451934619347193481934919350
19351193521935319354193551935619357193581935919360193611936219363193641936519366193671936819369193701937119372193731937419375
19376193771937819379193801938119382193831938419385193861938719388193891939019391193921939319394193951939619397193981939919400
19401194021940319404194051940619407194081940919410194111941219413194141941519416194171941819419194201942119422194231942419425
19426194271942819429194301943119432194331943419435194361943719438194391944019441194421944319444194451944619447194481944919450
19451194521945319454194551945619457194581945919460194611946219463194641946519466194671946819469194701947119472194731947419475
19476194771947819479194801948119482194831948419485194861948719488194891949019491194921949319494194951949619497194981949919500
19501195021950319504195051950619507195081950919510195111951219513195141951519516195171951819519195201952119522195231952419525
19526195271952819529195301953119532195331953419535195361953719538195391954019541195421954319544195451954619547195481954919550
19551195521955319554195551955619557195581955919560195611956219563195641956519566195671956819569195701957119572195731957419575
19576195771957819579195801958119582195831958419585195861958719588195891959019591195921959319594195951959619597195981959919600
19601196021960319604196051960619607196081960919610196111961219613196141961519616196171961819619196201962119622196231962419625
19626196271962819629196301963119632196331963419635196361963719638196391964019641196421964319644196451964619647196481964919650
19651196521965319654196551965619657196581965919660196611966219663196641966519666196671966819669196701967119672196731967419675
19676196771967819679196801968119682196831968419685196861968719688196891969019691196921969319694196951969619697196981969919700
19701197021970319704197051970619707197081970919710197111971219713197141971519716197171971819719197201972119722197231972419725
19726197271972819729197301973119732197331973419735197361973719738197391974019741197421974319744197451974619747197481974919750
19751197521975319754197551975619757197581975919760197611976219763197641976519766197671976819769197701977119772197731977419775
19776197771977819779197801978119782197831978419785197861978719788197891979019791197921979319794197951979619797197981979919800
19801198021980319804198051980619807198081980919810198111981219813198141981519816198171981819819198201982119822198231982419825
19826198271982819829198301983119832198331983419835198361983719838198391984019841198421984319844198451984619847198481984919850
19851198521985319854198551985619857198581985919860198611986219863198641986519866198671986819869198701987119872198731987419875
19876198771987819879198801988119882198831988419885198861988719888198891989019891198921989319894198951989619897198981989919900
19901199021990319904199051990619907199081990919910199111991219913199141991519916199171991819919199201992119922199231992419925
19926199271992819929199301993119932199331993419935199361993719938199391994019941199421994319944199451994619947199481994919950
19951199521995319954199551995619957199581995919960199611996219963199641996519966199671996819969199701997119972199731997419975
199761997719978199791998019981199821998319984199851998619987199881998919990199911999219993199941999519996199971999819999
